Q1 = 1e-03 ;
Q2 = 1e-04 ;
Q3 = 1e-05 ;
R = 0.185713886391081 ;