Ratio1 = 1/100 ;
Ratio2 = 1/1000 ;
Ratio3 = 1/10000 ;